%%%%%%%%%%%%%%%%%%%%%% 
FPM SYSTEM PARAMETERS:
%%%%%%%%%%%%%%%%%%%%%% 
LED Spacing (mm): 10
LED Height (mm): 80
Camera Pixel Size (um): 5.86
Wavelength (um): 0.470
NA: 0.25
Magnification: 10.00

Image Collection Order:
   0    0    0    0    0   52   67   82   97  112    0    0    0    0    0 
   0    0    0   26   39   53   68   83   98  113  127  140    0    0    0 
   0    0   15   27   40   54   69   84   99  114  128  141  153    0    0 
   0    6   16   28   41   55   70   85  100  115  129  142  154  164    0 
   0    7   17   29   42   56   71   86  101  116  130  143  155  165    0 
   1    8   18   30   43   57   72   87  102  117  131  144  156  166  173 
   2    9   19   31   44   58   73   88  103  118  132  145  157  167  174 
   3   10   20   32   45   59   74   89  104  119  133  146  158  168  175 
   4   11   21   33   46   60   75   90  105  120  134  147  159  169  176 
   5   12   22   34   47   61   76   91  106  121  135  148  160  170  177 
   0   13   23   35   48   62   77   92  107  122  136  149  161  171    0 
   0   14   24   36   49   63   78   93  108  123  137  150  162  172    0 
   0    0   25   37   50   64   79   94  109  124  138  151  163    0    0 
   0    0    0   38   51   65   80   95  110  125  139  152    0    0    0 
   0    0    0    0    0   66   81   96  111  126    0    0    0    0    0 
